latitude=18.566936862099116 
longitude=73.91802061188811
